Akamai: 31.402064000 seconds
Cloudflare: 82.643281000 seconds
DataDome: 16.774581000 seconds
Kasada: 211.201188000 seconds
PerimeterX: 9.342157000 seconds
